8

( 100, 100 )
( 180, 100 )
( 100, 130 )
( 180, 130 )
( 210, 100 )
( 290, 100 )
( 210, 130 )
( 290, 130 )

0.0    0.0    1.0    0.0    0.0    0.0    0.0    0.0
1.0    0.0    0.0    0.0    0.0    0.0    0.0    0.0
0.0    0.0    0.0    1.0    0.0    0.0    0.0    0.0
0.0    1.0    0.0    0.0    0.0    0.0    0.0    0.0
0.0    0.0    0.0    0.0    0.0    0.0    1.0    0.0
0.0    0.0    0.0    0.0    1.0    0.0    0.0    0.0
0.0    0.0    0.0    0.0    0.0    0.0    0.0    1.0
0.0    0.0    0.0    0.0    0.0    1.0    0.0    0.0  